31
Anchorage
Atlanta
Austin
Baltimore
Boston
Chicago
Dallas
Denver
Honolulu
Houston
Indianapolis
Jacksonville
LasVegas
LosAngeles
Memphis
Miami
NewOrleans
NewYork
Newark
Oakland
Philadelphia
Phoenix
Portland
SanAntonio
SanDiego
SanFrancisco
SanJose
Seattle
Tampa
Tucson
WashingtonDC
0 5471 5091 5392 5416 4584 4904 3851 4477 5260 4842 5930 3690 3763 5043 6432 5518 5405 5395 3226 5411 4092 2475 5133 3941 3223 3287 2307 6108 4263 5405
5471 0 1315 927 1505 944 1157 1945 7224 1126 687 458 2801 3108 541 973 682 1199 1189 3421 1070 2554 3487 1417 3034 3434 3392 3503 670 2472 871
5091 1315 0 2166 2724 1571 293 1240 6029 235 1489 1542 1741 1970 900 1790 737 2429 2417 2399 2308 1396 2746 118 1856 2411 2356 2845 1504 1270 2116
5392 927 2166 0 577 973 1947 2422 7792 2010 819 1096 3377 3722 1273 1538 1606 272 262 3928 144 3216 3788 2278 3685 3941 3912 3744 1370 3171 57
5416 1505 2724 577 0 1366 2490 2838 8171 2578 1295 1635 3809 4166 1824 2022 2184 305 315 4317 435 3690 4073 2838 4146 4330 4307 3997 1902 3662 633
4584 944 1571 973 1366 0 1290 1474 6831 1510 263 1387 2443 2799 773 1912 1339 1144 1130 2967 1068 2332 2820 1689 2781 2981 2954 2786 1614 2314 955
4904 1157 293 1947 2490 1290 0 1064 6094 362 1227 1458 1718 1990 675 1785 711 2204 2191 2368 2086 1422 2622 406 1899 2380 2330 2700 1474 1324 1900
3851 1945 1240 2422 2838 1474 1064 0 5371 1412 1605 2356 972 1334 1410 2772 1736 2616 2602 1510 2532 941 1578 1289 1339 1523 1491 1639 2446 990 2394
4477 7224 6029 7792 8171 6831 6094 5371 0 6263 6976 7551 4435 4116 6689 7810 6764 7975 7961 3864 7898 4674 4173 5966 4195 3851 3880 4309 7534 4772 7765
5260 1126 235 2010 2578 1510 362 1412 6263 0 1391 1319 1971 2205 778 1554 509 2279 2267 2629 2154 1631 2949 304 2092 2641 2586 3038 1271 1505 1958
4842 687 1489 819 1295 263 1227 1605 6976 1391 0 1125 2558 2903 617 1650 1147 1035 1021 3114 937 2406 3024 1607 2870 3127 3096 3003 1356 2369 789
5930 458 1542 1096 1635 1387 1458 2356 7551 1319 1125 0 3161 3446 949 526 809 1343 1338 3798 1220 2880 3917 1623 3357 3811 3765 3942 276 2779 1040
3690 2801 1741 3377 3809 2443 1718 972 4435 1971 2558 3161 0 367 2261 3501 2426 3581 3567 658 3492 412 1215 1722 426 670 615 1401 3193 585 3346
3763 3108 1970 3722 4166 2799 1990 1334 4116 2205 2903 3446 367 0 2572 3755 2684 3932 3918 552 3840 573 1329 1932 179 558 491 1544 3456 710 3689
5043 541 900 1273 1824 773 675 1410 6689 778 617 949 2261 2572 0 1404 577 1532 1520 2879 1413 2026 2968 1016 2505 2892 2850 2996 1074 1953 1225
6432 973 1790 1538 2022 1912 1785 2772 7810 1554 1650 526 3501 3755 1404 0 1075 1755 1752 4153 1643 3181 4349 1844 3646 4165 4114 4391 329 3060 1487
5518 682 737 1606 2184 1339 711 1736 6764 509 1147 809 2426 2684 577 1075 0 1878 1868 3078 1750 2111 3312 814 2581 3090 3039 3374 773 1996 1551
5405 1199 2429 272 305 1144 2204 2616 7975 2279 1035 1343 3581 3932 1532 1755 1878 0 14 4112 129 3441 3922 2543 3903 4125 4099 3862 1614 3403 328
5395 1189 2417 262 315 1130 2191 2602 7961 2267 1021 1338 3567 3918 1520 1752 1868 14 0 4098 120 3427 3908 2531 3889 4111 4085 3849 1609 3389 318
3226 3421 2399 3928 4317 2967 2368 1510 3864 2629 3114 3798 658 552 2879 4153 3078 4112 4098 0 4034 1039 858 2380 731 13 61 1089 3841 1203 3902
5411 1070 2308 144 435 1068 2086 2532 7898 2154 937 1220 3492 3840 1413 1643 1750 129 120 4034 0 3341 3868 2420 3807 4047 4019 3816 1492 3300 199
4092 2554 1396 3216 3690 2332 1422 941 4674 1631 2406 2880 412 573 2026 3181 2111 3441 3427 1039 3341 0 1617 1361 480 1050 988 1792 2884 173 3180
2475 3487 2746 3788 4073 2820 2622 1578 4173 2949 3024 3917 1215 1329 2968 4349 3312 3922 3908 858 3868 1617 0 2763 1499 861 911 232 4021 1789 3775
5133 1417 118 2278 2838 1689 406 1289 5966 304 1607 1623 1722 1932 1016 1844 814 2543 2531 2380 2420 1361 2763 0 1810 2391 2334 2871 1570 1225 2227
3941 3034 1856 3685 4146 2781 1899 1339 4195 2092 2870 3357 426 179 2505 3646 2581 3903 3889 731 3807 480 1499 1810 0 737 670 1710 3354 586 3649
3223 3434 2411 3941 4330 2981 2380 1523 3851 2641 3127 3811 670 558 2892 4165 3090 4125 4111 13 4047 1050 861 2391 737 0 66 1092 3854 1213 3915
3287 3392 2356 3912 4307 2954 2330 1491 3880 2586 3096 3765 615 491 2850 4114 3039 4099 4085 61 4019 988 911 2334 670 66 0 1141 3804 1150 3885
2307 3503 2845 3744 3997 2786 2700 1639 4309 3038 3003 3942 1401 1544 2996 4391 3374 3862 3849 1089 3816 1792 232 2871 1710 1092 1141 0 4062 1961 3734
6108 670 1504 1370 1902 1614 1474 2446 7534 1271 1356 276 3193 3456 1074 329 773 1614 1609 3841 1492 2884 4021 1570 3354 3854 3804 4062 0 2769 1315
4263 2472 1270 3171 3662 2314 1324 990 4772 1505 2369 2779 585 710 1953 3060 1996 3403 3389 1203 3300 173 1789 1225 586 1213 1150 1961 2769 0 3132
5405 871 2116 57 633 955 1900 2394 7765 1958 789 1040 3346 3689 1225 1487 1551 328 318 3902 199 3180 3775 2227 3649 3915 3885 3734 1315 3132 0